71
1
90000_1
22 1 2021
0 0 0
0
1
12029_10
20 5 2021
0 0 0
0
1
48321_1
23 3 2021
25 3 2021
1
2
90000_6
5 4 2021
9 4 2021
2
2
54654_1
6 4 2021
9 4 2021
1
2
97807_1
26 6 2021
0 0 0
0
2
12029_6
26 6 2021
0 0 0
0
3
12029_4
28 2 2021
0 0 0
0
3
60231_1
1 2 2021
0 0 0
0
4
90000_2
21 4 2021
25 4 2021
1
4
12029_7
4 4 2021
5 4 2021
1
4
60002_3
1 1 2021
2 2 2021
2
5
90122_6
26 3 2021
28 3 2021
2
6
60002_2
11 1 2021
15 1 2021
1
8
90000_10
20 2 2021
28 2 2021
2
8
75691_1
26 6 2021
0 0 0
0
9
12029_2
30 4 2021
18 5 2021
2
9
90122_8
15 5 2021
20 5 2021
1
9
51220_3
23 2 2021
27 2 2021
2
10
90000_7
1 1 2021
15 2 2021
1
10
69691_1
15 3 2021
0 0 0
0
10
72031_1
10 5 2021
0 0 0
0
11
97807_3
26 6 2021
26 6 2021
1
11
96972_1
26 6 2021
26 6 2021
1
11
69324_1
26 6 2021
0 0 0
2
12
90122_9
1 2 2021
18 2 2021
2
12
97807_2
26 6 2021
0 0 0
0
13
90000_4
12 2 2021
18 2 2021
2
14
60231_8
1 4 2021
2 4 2021
1
14
51220_4
20 3 2021
0 0 0
0
15
90000_8
22 2 2021
26 2 2021
1
15
12029_9
1 1 2021
0 0 0
0
15
72031_5
21 4 2021
25 4 2021
1
16
12029_3
6 2 2021
15 2 2021
1
16
90122_4
9 2 2021
0 0 0
0
17
90000_9
30 4 2021
0 0 0
0
18
51220_6
3 3 2021
5 3 2021
1
18
72031_9
5 4 2021
9 4 2021
2
18
30970_5
26 6 2021
0 0 0
0
19
90000_5
9 2 2021
15 2 2021
1
19
51220_5
16 1 2021
19 2 2021
2
20
12029_8
25 5 2021
28 5 2021
2
20
69691_6
21 4 2021
4 5 2021
1
21
90122_5
23 2 2021
25 2 2021
1
21
60231_3
3 4 2021
0 0 0
0
21
69691_9
1 5 2021
25 5 2021
1
22
90000_3
2 4 2021
0 0 0
0
22
69691_5
16 3 2021
0 0 0
0
23
12029_1
5 4 2021
10 4 2021
1
23
90122_1
25 3 2021
0 0 0
0
24
12029_5
26 3 2021
2 4 2021
2
25
90122_10
15 5 2021
16 5 2021
1
26
90122_2
6 5 2021
0 0 0
0
26
48321_3
8 4 2021
0 0 0
0
27
60231_2
15 4 2021
30 4 2021
1
27
48321_2
6 2 2021
9 2 2021
2
28
60231_5
2 2 2021
8 4 2021
2
28
48321_8
6 4 2021
25 4 2021
1
29
60231_9
9 5 2021
12 5 2021
1
29
48321_9
3 3 2021
5 3 2021
1
30
60231_6
12 5 2021
0 0 0
0
30
48321_10
3 5 2021
0 0 0
0
30
69691_2
15 1 2021
16 1 2021
1
215
55555_12
21 5 2021
0 0 0
0
215
42003_6
21 5 2021
0 0 0
0
993
98311_5
27 5 2021
27 5 2021
1
994
55555_69
21 5 2021
19 5 2021
1
994
55555_100
19 5 2021
0 0 0
0
994
17897_10
19 5 2021
0 0 0
0
994
97807_10
19 5 2021
0 0 0
0
999
55555_1
21 5 2021
0 0 0
2
